tensor([1.2810, 1.2810, 1.2810,  ..., 1.2804, 1.2804, 1.2804])
tensor([1.2810, 1.2810, 1.4001, 1.6141, 2.1334, 1.2810, 1.2810, 1.2810, 1.2810,
        1.2810, 1.2977, 1.3893, 1.2824, 2.1462, 2.1440, 1.3552, 1.2897, 2.1477,
        1.3909, 1.2810, 2.1340, 2.1549, 1.4790, 1.8504, 1.3313, 2.1299, 1.8657,
        2.1209, 2.1457, 1.2794, 1.2831, 1.2908, 1.2810, 1.2810, 2.1491, 1.3083,
        1.2810, 1.2832, 1.4628, 1.2832, 1.2810, 1.2788, 1.2810, 1.2810, 1.2810,
        2.1300, 2.1580, 1.2827, 2.1319, 1.2845, 1.5840, 2.1385, 2.1464, 1.2810,
        1.2810, 1.2810, 1.2810, 1.2805, 1.2805, 1.2809, 1.3702, 1.2811, 1.9199,
        2.1362, 1.2780, 1.2810, 1.2839, 1.2810, 1.2810, 1.3039, 2.1478, 1.3143,
        1.3185, 1.2775, 1.3321, 1.2810, 1.2774, 2.1334, 2.1405, 1.2810, 2.1715,
        1.7615, 1.2810, 1.2810, 1.2810, 1.4757, 2.1426, 1.3007, 1.3152, 1.6343,
        1.2810, 1.2809, 1.2810, 1.2810, 1.3403, 1.2810, 1.3423, 1.2810, 1.7045,
        1.3460, 2.1401, 1.2809, 1.2810, 1.8458, 2.1449, 2.1224, 1.2810, 1.2789,
        1.3232, 1.5418, 1.2996, 1.3136, 1.2796, 1.2815, 1.2810, 1.2807, 1.9382,
        1.2809, 1.2810, 1.2840, 1.2636, 1.2810, 2.1421, 1.2810, 1.2808, 2.1806,
        1.2810, 1.5464, 2.1479, 1.2826, 1.2765, 1.7511, 1.2755, 1.2831, 1.6225,
        1.2810, 1.2810, 1.2809, 1.2731, 1.2810, 1.2788, 2.1199, 1.3587, 1.2809,
        1.2810, 2.1347, 1.3608, 2.1267, 1.4359, 2.1730, 1.2962, 1.6397, 2.1460,
        1.2810, 1.4100, 1.2947, 1.5985, 1.2815, 1.2810, 1.2791, 1.2810, 2.1743,
        1.2808, 1.3057, 1.2810, 1.2873, 1.2750, 1.2750, 1.2810, 1.2809, 1.2807,
        1.2810, 1.2810, 1.2810, 1.2685, 1.2810, 1.2663, 2.1452, 2.1370, 1.7461,
        1.2884, 1.2732, 1.2934, 2.1327, 1.2908, 1.2810, 1.2795, 1.2810, 1.2778,
        2.1423, 1.2810, 1.2810, 1.2984, 2.1446, 1.2788, 1.2810, 2.1386, 2.1438,
        1.2808, 1.2809, 1.2810, 1.2810, 1.3306, 1.2810, 1.2808, 2.1376, 2.0708,
        2.1468, 1.8705, 1.2810, 1.5625, 1.6092, 2.1468, 1.2810, 1.6968, 1.2793,
        1.2810, 1.8853, 1.2678, 2.1396, 1.4058, 1.2841, 1.3583, 1.8617, 1.3024,
        2.1428, 1.5431, 1.2810, 1.2810, 1.2751, 1.2798, 1.2810, 1.2760, 2.1277,
        1.2810, 2.1320, 1.2810, 1.2805, 1.2824, 1.2810, 1.2810, 1.2810, 1.2810,
        1.2810, 1.2810, 1.2851, 2.1356, 1.7183, 2.1810, 2.1109, 1.2810, 1.2771,
        1.2808, 2.1594, 1.2810, 2.1410, 1.2779, 2.1470, 1.2768, 1.2887, 1.2810,
        1.2810, 1.2810, 1.2810, 1.2810, 1.9191, 1.2810, 1.2931, 1.2810, 1.2809,
        1.4464, 2.1323, 1.9284, 2.1541, 2.1317, 1.4311, 1.3402, 1.2805, 1.2809,
        1.2759, 1.3908, 1.2752, 1.2808, 1.2809, 1.5609, 1.2810, 1.2810, 1.2810,
        1.2817, 1.8146, 1.2810, 1.2810, 1.2810, 1.2846, 1.2810, 2.1496, 2.1450,
        1.2810, 1.2810, 1.3047, 2.0295, 1.2810, 1.2733, 1.2810, 1.2810, 1.2810,
        1.2808, 1.3387, 1.2810, 1.2826, 1.2810, 1.2810, 1.2810, 2.1316, 1.3031,
        1.8078, 1.2742, 1.2677, 1.2893, 2.1338, 1.2804, 2.0204, 1.2792, 1.2810,
        1.3664, 1.2810, 1.2898, 2.1190, 1.2810, 2.1593, 1.2810, 1.4147, 2.1447,
        1.2785, 1.3396, 1.2766, 1.2815, 1.3085, 1.2743, 1.2810, 1.2794, 1.2810,
        1.2810, 1.2810, 1.2810, 1.2810, 1.2809, 2.1133, 2.1265, 1.2803, 2.1304,
        1.2967, 2.1421, 1.2810, 1.2793, 1.2801, 1.2762, 2.1908, 1.2751, 1.6108,
        1.7076, 1.2808, 1.5445, 1.2791, 2.1369, 2.1411, 1.2809, 1.3593, 1.2922,
        2.1279, 2.1451, 1.2810, 1.2810, 1.2810, 1.2810, 2.1679, 1.2810, 1.2904,
        1.2797, 1.2810, 2.1397, 1.6175, 1.2793, 1.2763, 1.2809, 1.9026, 1.5990,
        1.2810, 2.1478, 1.2810, 1.8804, 1.4679, 1.2810, 1.9036, 1.2809, 1.2810,
        1.2744, 1.3993, 1.3539, 2.1573, 1.2993, 1.3159, 1.2732, 1.2810, 1.2810,
        1.2809, 1.2810, 1.2810, 1.2810, 1.2955, 1.2803, 1.2873, 1.2800, 1.2810,
        1.2811, 1.2828, 1.2804, 1.2782, 1.2810, 1.2840, 1.5044, 2.1267, 1.2810,
        2.1315, 1.2829, 2.1460, 1.2849, 1.2806, 2.1024, 1.2811, 1.2810, 1.2624,
        1.6902, 1.4199, 1.2817, 2.1446, 1.2862, 1.2812, 1.2779, 1.5947, 2.1479,
        1.2809, 1.2810, 1.8814, 1.2807, 2.1310, 1.2815, 1.3034, 1.4140, 1.4318,
        1.2741, 1.2820, 1.2810, 1.2810, 1.2810, 1.2803, 1.2776, 1.2798, 1.2809,
        1.6988, 1.3880, 1.5842, 1.8673, 1.2810, 2.1506, 1.2879, 1.2911, 1.8519,
        1.2828, 2.1371, 1.2810, 1.9289, 1.2828, 1.8109, 2.1441, 1.5552, 1.2810,
        1.2793, 1.2735, 1.2767, 1.2656, 1.3007, 1.3095, 1.5001, 1.3233, 1.2810,
        2.1323, 2.0881, 1.4113, 1.2810, 1.2830, 1.2810, 1.2819, 1.2760, 1.2792,
        1.2810, 1.4769, 2.1258, 1.5220, 1.2782, 1.2810, 1.2796, 1.2776, 1.2810,
        1.2770, 1.2824, 1.3226, 1.2810, 1.2815, 2.1564, 1.2810, 1.2810, 1.2969,
        1.2802, 1.2810, 1.4963, 1.5594, 1.2810, 1.2810, 1.2798, 1.2810, 1.2810,
        1.2904, 1.2810, 2.1342, 2.1282, 2.1394, 1.8889, 2.1333, 1.2810, 1.3921,
        1.9140, 1.2804, 2.1480, 1.2804, 1.2810, 1.2837, 1.2955, 1.2810, 1.3477,
        1.3050, 1.2809, 1.8398, 1.2809, 1.3062, 1.7937, 1.2810, 1.2874, 1.2770,
        1.2809, 1.2810, 1.2810, 1.2810, 2.1587, 1.4587, 1.2810, 2.1142, 2.1439,
        1.2973, 1.2805, 1.2809, 2.1638, 1.2810, 1.2810, 1.2810, 1.5375, 1.3040,
        1.2810, 2.1612, 1.2809, 2.1352, 1.2805, 2.1416, 1.3673, 1.2809, 1.2810,
        2.1391, 2.1465, 1.4629, 1.2810, 1.2810, 1.2810, 2.1321, 1.2736, 1.2810,
        1.5029, 2.1386, 1.8306, 2.1399, 2.1732, 1.2691, 1.2813, 2.1647, 1.2810,
        1.2810, 2.1452, 1.2810, 1.2810, 1.4426, 1.5151, 2.1343, 1.3141, 1.4483,
        1.2810, 1.3427, 1.2817, 2.1450, 1.2809, 2.1712, 1.2771, 1.2809, 1.2810,
        2.1524, 1.2810, 1.2810, 1.2810, 1.2807, 1.2810, 1.2833, 1.2934, 1.3062,
        1.7267, 2.1364, 1.2809, 1.2806, 1.2853, 1.2810, 1.2733, 1.2808, 1.6840,
        1.2779, 1.3045, 1.2810, 2.1481, 2.1383, 2.1574, 1.2786, 2.1477, 2.1337,
        1.2810, 1.2691, 2.1439, 2.1383, 1.2810, 1.2810, 1.8168, 1.2816, 1.3211,
        2.1383, 2.1229, 1.2799, 1.2815, 1.2810, 1.5209, 2.1726, 1.2782, 1.2810,
        2.1481, 1.2810, 1.3660, 1.2810, 1.2810, 1.2810, 1.2906, 2.1513, 1.3451,
        2.1436, 1.5215, 1.2810, 1.2802, 1.2833, 1.4440, 1.2724, 1.2791, 1.2810,
        1.2810, 1.9108, 1.8019, 2.1290, 2.1384, 1.2810, 1.2905, 1.2785, 1.4591,
        2.0713, 1.2810, 1.2954, 1.2897, 1.2810, 1.2810, 1.8605, 2.1376, 1.2806,
        1.2810, 2.1331, 1.2810, 1.2810, 1.2744, 1.2810, 1.5485, 1.3745, 1.8202,
        2.1346, 2.1462, 1.2859, 1.3055, 1.2810, 1.2746, 1.8748, 1.4966, 1.2807,
        1.2810, 1.3211, 1.2810, 2.1381, 1.2810, 1.3317, 2.1360, 2.1488, 1.3672,
        2.1528, 1.2810, 1.3521, 2.1310, 2.1337, 1.2810, 1.2810, 1.3216, 1.6066,
        1.7086, 2.1848, 1.2809, 1.2793, 1.3224, 1.2810, 1.2783, 1.4036, 1.4261,
        1.3024, 2.1464, 1.3133, 1.2810, 1.2810, 2.1441, 2.1520, 1.2810, 1.2918,
        1.2744, 1.3076, 1.2809, 1.5665, 1.2782, 1.2810, 1.2953, 1.6797, 1.2922,
        2.1552, 1.8540, 1.2697, 2.1198, 1.2802, 1.2810, 1.4488, 1.2810, 1.2734,
        1.2810, 2.1380, 1.4689])
测试集的条件强度长什么样呢
torch.Size([11740672])
[tensor(1.2810), tensor(1.2810), tensor(1.5667), tensor(1.7747), tensor(2.1383), tensor(1.2810), tensor(1.2810), tensor(1.2810), tensor(1.7262), tensor(1.2810), tensor(1.5915), tensor(1.5503), tensor(1.2862), tensor(1.2810), tensor(2.1332), tensor(1.4734), tensor(1.3060), tensor(2.1515), tensor(1.5546), tensor(1.2810), tensor(2.1290), tensor(2.1555), tensor(1.7864), tensor(2.1335), tensor(1.3786), tensor(2.1395), tensor(2.0770), tensor(2.1246), tensor(2.1442), tensor(1.2797), tensor(1.2836), tensor(1.3562), tensor(1.2810), tensor(1.2810), tensor(2.1491), tensor(1.3552), tensor(1.2810), tensor(1.2877), tensor(1.6313), tensor(1.2833), tensor(1.2810), tensor(1.2788), tensor(1.2810), tensor(1.2810), tensor(1.2810), tensor(2.1249), tensor(2.1592), tensor(1.2839), tensor(2.1328), tensor(1.2952), tensor(1.6531), tensor(2.1338), tensor(2.1513), tensor(1.2810), tensor(1.2810), tensor(1.2810), tensor(1.2810), tensor(1.2805), tensor(1.2792), tensor(1.2809), tensor(1.5300), tensor(1.2859), tensor(1.9575), tensor(2.1490), tensor(1.2780), tensor(1.2810), tensor(1.2902), tensor(1.2810), tensor(1.6223), tensor(1.3061), tensor(2.1473), tensor(1.2810), tensor(1.2804), tensor(1.2773), tensor(1.4158), tensor(1.2810), tensor(1.2810), tensor(1.9765), tensor(2.1299), tensor(1.2810), tensor(2.1765), tensor(1.9538), tensor(1.2814), tensor(1.2810), tensor(1.3127), tensor(1.2806), tensor(1.2675), tensor(1.4841), tensor(1.3152), tensor(1.6366), tensor(1.2810), tensor(1.2804), tensor(1.2810), tensor(1.2810), tensor(2.1455), tensor(1.2810), tensor(1.3737), tensor(1.2810), tensor(1.9361), tensor(1.4538), tensor(1.8942), tensor(1.2809), tensor(1.2810), tensor(2.1810), tensor(2.1449), tensor(2.1225), tensor(1.2808), tensor(1.3285), tensor(2.1295), tensor(1.5461), tensor(1.3000), tensor(1.3133), tensor(1.2796), tensor(1.2837), tensor(1.2810), tensor(1.2796), tensor(2.1302), tensor(1.2795), tensor(1.2810), tensor(2.1481), tensor(1.2810), tensor(1.2810), tensor(2.1361), tensor(1.2810), tensor(1.2808), tensor(2.0391), tensor(1.2810), tensor(1.2679), tensor(1.2810), tensor(1.2862), tensor(1.2748), tensor(1.9080), tensor(1.2710), tensor(1.2879), tensor(1.7163), tensor(1.2810), tensor(1.2810), tensor(1.2808), tensor(1.2810), tensor(1.2810), tensor(1.2788), tensor(2.1161), tensor(1.3593), tensor(1.2809), tensor(1.2810), tensor(2.1348), tensor(1.4081), tensor(2.1432), tensor(1.4670), tensor(2.1730), tensor(1.2963), tensor(1.6953), tensor(2.1457), tensor(1.2810), tensor(1.4368), tensor(1.3182), tensor(2.1194), tensor(1.2843), tensor(1.2809), tensor(1.2754), tensor(1.2810), tensor(2.1907), tensor(1.2804), tensor(1.3857), tensor(1.2810), tensor(1.3832), tensor(1.2744), tensor(1.2732), tensor(1.2810), tensor(1.2809), tensor(1.2807), tensor(1.2810), tensor(1.2810), tensor(1.2810), tensor(1.2684), tensor(1.2810), tensor(1.2661), tensor(2.1451), tensor(2.1368), tensor(1.7536), tensor(1.2887), tensor(1.2808), tensor(1.2953), tensor(2.1329), tensor(1.2986), tensor(1.2810), tensor(1.2795), tensor(1.2810), tensor(1.2777), tensor(2.1301), tensor(1.2810), tensor(1.2810), tensor(1.2989), tensor(2.1439), tensor(1.2779), tensor(1.2810), tensor(2.1312), tensor(2.1439), tensor(1.2808), tensor(1.2809), tensor(1.2810), tensor(1.2810), tensor(1.3316), tensor(1.2810), tensor(1.2817), tensor(2.1376), tensor(2.1206), tensor(2.1285), tensor(2.0957), tensor(1.2810), tensor(1.5762), tensor(2.0978), tensor(2.1473), tensor(1.2810), tensor(2.0763), tensor(1.2793), tensor(1.2810), tensor(1.9341), tensor(1.2677), tensor(2.1348), tensor(1.4281), tensor(1.3079), tensor(1.5193), tensor(2.1415), tensor(1.3332), tensor(2.1520), tensor(1.8104), tensor(1.2810), tensor(1.2809), tensor(1.2739), tensor(1.2790), tensor(1.2810), tensor(1.2741), tensor(2.1178), tensor(1.2810), tensor(2.1238), tensor(1.2810), tensor(1.2797), tensor(1.2810), tensor(1.2810), tensor(1.2810), tensor(1.2810), tensor(1.2809), tensor(1.2810), tensor(1.2810), tensor(1.3207), tensor(2.1353), tensor(2.1344), tensor(2.1740), tensor(2.1108), tensor(1.2810), tensor(1.2765), tensor(1.2807), tensor(2.1432), tensor(1.2810), tensor(2.1421), tensor(1.2777), tensor(2.1362), tensor(1.2797), tensor(1.3035), tensor(1.2810), tensor(1.2810), tensor(1.2810), tensor(1.2810), tensor(1.2810), tensor(2.1518), tensor(1.2810), tensor(1.3105), tensor(1.2810), tensor(1.2809), tensor(1.7331), tensor(2.1276), tensor(2.1427), tensor(2.1499), tensor(2.1415), tensor(1.6776), tensor(1.2810), tensor(1.3204), tensor(1.2809), tensor(1.2758), tensor(1.5525), tensor(1.2751), tensor(1.2808), tensor(1.2809), tensor(1.5653), tensor(1.2810), tensor(1.2810), tensor(1.2810), tensor(1.2720), tensor(2.1261), tensor(1.2810), tensor(1.2810), tensor(1.2810), tensor(1.2839), tensor(1.2810), tensor(1.2810), tensor(2.1451), tensor(1.2810), tensor(1.2810), tensor(1.3211), tensor(2.1127), tensor(1.2810), tensor(1.2684), tensor(1.2810), tensor(1.2810), tensor(1.2810), tensor(1.2808), tensor(1.3914), tensor(1.2810), tensor(1.2867), tensor(1.2810), tensor(1.2738), tensor(2.1488), tensor(2.1363), tensor(1.3283), tensor(2.1242), tensor(1.2738), tensor(1.2683), tensor(1.2938), tensor(2.1342), tensor(1.2800), tensor(2.1426), tensor(1.2791), tensor(1.2810), tensor(1.4950), tensor(1.2810), tensor(1.2899), tensor(2.1189), tensor(1.2810), tensor(2.1523), tensor(1.2810), tensor(1.5256), tensor(1.2810), tensor(1.2765), tensor(1.3406), tensor(1.2767), tensor(1.2825), tensor(1.9110), tensor(1.2676), tensor(1.2810), tensor(1.2796), tensor(1.2810), tensor(1.2810), tensor(1.2810), tensor(1.2810), tensor(1.2810), tensor(1.2809), tensor(2.1194), tensor(2.1263), tensor(1.2794), tensor(2.1305), tensor(1.3249), tensor(2.1476), tensor(1.2810), tensor(1.2793), tensor(1.2801), tensor(1.2756), tensor(2.1934), tensor(1.2751), tensor(1.6158), tensor(1.7486), tensor(1.2808), tensor(2.1362), tensor(1.2755), tensor(2.1383), tensor(2.1360), tensor(1.2809), tensor(1.3619), tensor(1.2924), tensor(2.1280), tensor(2.1427), tensor(1.2810), tensor(1.2810), tensor(1.2810), tensor(1.2810), tensor(2.1686), tensor(1.2810), tensor(1.2917), tensor(1.2797), tensor(1.2810), tensor(2.1388), tensor(1.6241), tensor(1.2792), tensor(1.2762), tensor(1.2809), tensor(2.0183), tensor(1.6048), tensor(1.2810), tensor(2.1491), tensor(1.2810), tensor(2.1331), tensor(1.8255), tensor(1.2810), tensor(1.9079), tensor(1.2809), tensor(1.2810), tensor(1.2733), tensor(1.4003), tensor(2.1196), tensor(2.1550), tensor(1.8398), tensor(1.3728), tensor(1.2810), tensor(1.2809), tensor(1.2810), tensor(1.2806), tensor(1.2810), tensor(1.2810), tensor(1.2810), tensor(1.5883), tensor(1.2803), tensor(1.3011), tensor(1.2800), tensor(1.2810), tensor(1.2811), tensor(1.2829), tensor(1.2798), tensor(1.2727), tensor(1.2810), tensor(1.2840), tensor(1.8088), tensor(2.1328), tensor(1.2810), tensor(1.2792), tensor(1.2874), tensor(2.1376), tensor(1.2930), tensor(1.2809), tensor(2.1261), tensor(1.2824), tensor(1.2810), tensor(1.2810), tensor(2.1482), tensor(1.5986), tensor(1.2808), tensor(2.1390), tensor(1.2876), tensor(1.2826), tensor(1.2770), tensor(2.1785), tensor(2.1479), tensor(1.2809), tensor(1.2810), tensor(1.9112), tensor(1.2807), tensor(2.1220), tensor(1.2830), tensor(1.7024), tensor(1.4236), tensor(1.4123), tensor(1.2809), tensor(1.2820), tensor(1.2810), tensor(1.2810), tensor(1.2810), tensor(1.2798), tensor(1.2810), tensor(1.2763), tensor(1.2807), tensor(1.7030), tensor(1.4790), tensor(1.7020), tensor(1.8725), tensor(1.2810), tensor(2.1507), tensor(1.2906), tensor(1.2732), tensor(2.1658), tensor(1.2871), tensor(2.1371), tensor(1.2810), tensor(2.1425), tensor(1.2772), tensor(2.1283), tensor(2.1416), tensor(2.1425), tensor(1.2810), tensor(1.2783), tensor(1.2732), tensor(1.2770), tensor(1.2656), tensor(1.3026), tensor(1.3589), tensor(1.5140), tensor(1.3240), tensor(1.2810), tensor(2.1451), tensor(2.1537), tensor(1.7734), tensor(1.2810), tensor(1.3033), tensor(1.8237), tensor(1.2820), tensor(1.2744), tensor(1.2792), tensor(1.2810), tensor(1.4789), tensor(2.1257), tensor(1.6970), tensor(1.2894), tensor(1.2810), tensor(1.2795), tensor(1.2810), tensor(1.2810), tensor(1.2767), tensor(1.2825), tensor(1.3229), tensor(1.2810), tensor(1.3700), tensor(2.1504), tensor(1.2810), tensor(1.2810), tensor(1.3056), tensor(1.2798), tensor(1.2810), tensor(1.7913), tensor(1.2883), tensor(1.2810), tensor(1.2810), tensor(1.2797), tensor(1.2904), tensor(1.2810), tensor(1.2905), tensor(1.2810), tensor(2.1343), tensor(2.1281), tensor(2.1410), tensor(1.8931), tensor(2.1332), tensor(1.2810), tensor(1.3931), tensor(1.9185), tensor(1.2804), tensor(1.2810), tensor(1.2803), tensor(1.2810), tensor(1.2862), tensor(1.3281), tensor(1.4760), tensor(1.3986), tensor(1.3110), tensor(1.2809), tensor(2.1429), tensor(1.2867), tensor(1.3228), tensor(2.1615), tensor(1.2810), tensor(1.2975), tensor(1.2770), tensor(1.2807), tensor(1.2810), tensor(1.2835), tensor(1.2810), tensor(1.7667), tensor(1.6009), tensor(1.2810), tensor(2.1092), tensor(1.2961), tensor(1.5378), tensor(1.2806), tensor(1.2809), tensor(1.2666), tensor(1.2810), tensor(1.2810), tensor(1.2810), tensor(1.8086), tensor(1.3056), tensor(1.2810), tensor(2.1678), tensor(1.2810), tensor(2.1349), tensor(1.2796), tensor(1.2792), tensor(2.1320), tensor(1.2809), tensor(1.2810), tensor(2.1363), tensor(2.1465), tensor(1.5261), tensor(1.2810), tensor(1.2810), tensor(1.2810), tensor(2.1319), tensor(1.2732), tensor(1.2810), tensor(2.1558), tensor(2.1096), tensor(2.1418), tensor(1.2810), tensor(2.1687), tensor(1.2703), tensor(1.2816), tensor(2.1696), tensor(1.2810), tensor(1.2810), tensor(2.1451), tensor(1.2810), tensor(1.2810), tensor(1.4446), tensor(1.7126), tensor(2.1358), tensor(1.3146), tensor(1.4505), tensor(1.2810), tensor(1.7311), tensor(1.2817), tensor(1.2810), tensor(1.2809), tensor(2.1722), tensor(1.2771), tensor(1.2809), tensor(1.2809), tensor(1.2810), tensor(1.2810), tensor(1.2810), tensor(1.2810), tensor(1.2812), tensor(1.2810), tensor(1.2912), tensor(1.3230), tensor(1.2810), tensor(2.1480), tensor(1.3997), tensor(1.6291), tensor(1.2810), tensor(1.2810), tensor(1.2810), tensor(1.2732), tensor(1.2804), tensor(1.7074), tensor(1.2779), tensor(1.3186), tensor(1.2810), tensor(2.1468), tensor(2.1485), tensor(2.1576), tensor(1.2786), tensor(2.1434), tensor(2.1388), tensor(1.2810), tensor(1.2810), tensor(2.1438), tensor(2.1380), tensor(1.2810), tensor(1.2841), tensor(1.8223), tensor(1.2904), tensor(1.3216), tensor(2.1393), tensor(1.7269), tensor(1.2799), tensor(1.2823), tensor(1.2797), tensor(1.5240), tensor(2.1781), tensor(1.2810), tensor(1.2828), tensor(2.1397), tensor(1.2810), tensor(1.3784), tensor(1.2810), tensor(1.2810), tensor(1.2810), tensor(1.3082), tensor(2.1508), tensor(1.6646), tensor(2.1627), tensor(1.8667), tensor(1.2811), tensor(1.2802), tensor(1.2892), tensor(1.4517), tensor(1.2765), tensor(1.2773), tensor(1.2810), tensor(1.2810), tensor(2.1451), tensor(1.9117), tensor(1.9684), tensor(1.2738), tensor(1.2810), tensor(1.3082), tensor(1.2766), tensor(1.6966), tensor(2.1360), tensor(1.2810), tensor(1.3013), tensor(1.3058), tensor(1.2810), tensor(1.2809), tensor(1.8653), tensor(2.1405), tensor(1.2806), tensor(1.2810), tensor(2.1263), tensor(1.2810), tensor(1.2810), tensor(1.2722), tensor(1.2810), tensor(1.7055), tensor(1.5342), tensor(2.1514), tensor(2.1433), tensor(2.1561), tensor(1.3213), tensor(1.3071), tensor(1.2810), tensor(1.2746), tensor(2.1363), tensor(1.4973), tensor(1.2804), tensor(1.2810), tensor(1.2810), tensor(1.2810), tensor(1.2851), tensor(1.2810), tensor(1.4101), tensor(2.1464), tensor(2.1464), tensor(1.5085), tensor(2.1484), tensor(1.2810), tensor(1.3723), tensor(2.1314), tensor(2.1335), tensor(1.2809), tensor(1.2810), tensor(1.3222), tensor(1.6102), tensor(1.7130), tensor(2.1874), tensor(1.2809), tensor(1.2788), tensor(1.3898), tensor(1.2810), tensor(1.2783), tensor(1.4881), tensor(1.6591), tensor(1.3487), tensor(1.8752), tensor(1.3134), tensor(1.2810), tensor(1.2810), tensor(2.1441), tensor(2.1703), tensor(1.2810), tensor(1.3716), tensor(1.2810), tensor(1.2810), tensor(1.2809), tensor(2.1309), tensor(1.2810), tensor(1.2810), tensor(1.3180), tensor(1.8001), tensor(1.3212), tensor(2.1521), tensor(2.1648), tensor(1.2694), tensor(2.1201), tensor(1.2801), tensor(1.2810), tensor(1.4520), tensor(1.2810), tensor(1.2734), tensor(1.2810), tensor(2.1313), tensor(1.7336), tensor(1.2810), tensor(1.5414), tensor(2.1443), tensor(2.1190), tensor(1.2671), tensor(1.8734), tensor(1.2718), tensor(1.2752), tensor(1.2810), tensor(1.6078), tensor(1.3241), tensor(1.2829), tensor(1.2783), tensor(1.2810), tensor(1.2810), tensor(1.2810), tensor(1.8096), tensor(1.3312), tensor(1.8682), tensor(2.1266), tensor(1.2811), tensor(1.2790), tensor(2.1475), tensor(1.2963), tensor(2.1520), tensor(1.2901), tensor(1.2839), tensor(2.1290), tensor(1.2711), tensor(1.2667), tensor(2.1569), tensor(1.2809), tensor(1.2878), tensor(1.2686), tensor(1.2743), tensor(2.1275), tensor(1.4323), tensor(2.0718), tensor(1.8061), tensor(2.1382), tensor(1.3125), tensor(2.1817), tensor(1.3163), tensor(2.1492), tensor(1.2810), tensor(1.4586), tensor(1.2810), tensor(2.1268), tensor(1.2745), tensor(1.2925), tensor(1.4823), tensor(1.2810), tensor(1.2752), tensor(1.2806), tensor(1.2854), tensor(1.3678), tensor(2.1428), tensor(1.4725), tensor(1.5425), tensor(1.2810), tensor(1.2810), tensor(1.2809), tensor(1.2810), tensor(1.2810), tensor(1.3141), tensor(1.2810), tensor(2.1239), tensor(1.3225), tensor(2.1305), tensor(1.2806), tensor(1.2810), tensor(1.2807), tensor(1.2810), tensor(1.2796), tensor(1.7117), tensor(1.2810), tensor(1.2748), tensor(2.1446), tensor(1.3888), tensor(1.2810), tensor(2.0340), tensor(2.1253), tensor(1.2816), tensor(1.2810), tensor(1.2745), tensor(2.1232), tensor(2.1210), tensor(2.1274), tensor(1.2810), tensor(2.1244), tensor(1.2810), tensor(2.1394), tensor(1.2833), tensor(1.5424), tensor(1.2930), tensor(1.2810), tensor(2.1512), tensor(1.2645), tensor(2.1328), tensor(1.2805), tensor(1.2810), tensor(1.3437), tensor(1.2744)]
[44.11399538357496, 84.19454992647482, 22.53829838393163, 26.9134734586494, 35.01766217747976, 96.11593881647482, 140.11593883647484, 156.11593949032462, 163.91459463551018, 107.78066103647483, 117.62834057006164, 153.64503951887906, 163.77749109536921, 166.78066103647484, 171.46878932140902, 179.67869771006286, 189.76569504014725, 197.464797210621, 213.64326639083163, 59.33066103647483, 62.01969326236111, 4.463930676923577, 31.559794618046276, 35.46870550330338, 44.72538535898309, 46.46739238357185, 52.48145897438076, 55.47068730627919, 72.46637547554286, 87.78144105806233, 106.77903265050641, 116.7373805040986, 41.28066103647483, 257.21399433647485, 1.7775365204691669, 12.550135261474164, 42.592883619724574, 29.426574335263794, 37.26299119776872, 14.749815808763682, 82.75121659647482, 15.838922075457226, 46.730661036474835, 76.04733344586027, 96.04732777912476, 98.73728410471948, 100.22979892420518, 127.04552134485624, 133.9855368818948, 137.03877296792004, 144.65493515735324, 146.235313286642, 148.7315120232347, 329.0473277364748, 409.0473277364748, 368.5484388364748, 424.5484388364748, 473.0487107144579, 28.398418541413562, 159.39738956644874, 10.736909577450902, 82.86097066486253, 102.54419913046159, 2.1208863223965895, 27.438052626781488, 91.43621659647482, 114.43064506192196, 215.4362174356247, 227.27198010904922, 24.56562312897752, 38.632363748789814, 0.980661036474832, 20.23100518546877, 84.64955706955502, 109.67296968572408, 179.74732773647483, 203.74732773647483, 234.6226097428314, 243.43616889919085, 277.74732773647486, 283.42611827245054, 311.9784818605039, 11.697057905319651, 36.31399436647483, 55.14510428095143, 37.23088537120831, 4.597265162117036, 21.482131338745084, 39.2253205949286, 45.076019774759246, 22.211496110076673, 66.21741581755495, 167.21704993647484, 184.21705146212602, 192.902489433732, 60.85149472972457, 82.79879164603892, 47.113994366474834, 51.19983528893861, 56.987860889644374, 2.179604432759134, 198.96401031978326, 249.96399433647483, 264.64183797254987, 67.00150120710741, 71.00642116008406, 21.486581556109073, 27.79191211179177, 36.00877126897006, 54.18597116461074, 122.30837654821677, 146.30061950256137, 170.32066789149798, 253.31815760843836, 349.31982773647485, 392.32066454241925, 402.5086168753483, 462.32069934511645, 231.56038977502192, 251.49525862969207, 29.880665322843324, 39.59732792442463, 3.351482834424549, 477.6806624168256, 25.751608080152504, 5.740410790406791, 38.29732770647483, 4.438701661559627, 7.763994369474832, 99.76082802844141, 145.76779351023282, 170.5074432009043, 194.77013630220313, 205.75980369439856, 219.56599776037046, 275.7639944091248, 315.76399433647487, 374.76407927346514, 431.2306613270746, 64.89593881647482, 111.89728896867425, 114.58783816143628, 123.85097695207784, 137.89595067859054, 162.39594261428866, 175.58371382179445, 189.82544218419716, 201.91520344065313, 225.79695889161187, 245.57546767765368, 265.8867196719113, 6.494297153237333, 8.564934525050072, 205.99732773647483, 253.91264191021068, 289.97526094624277, 297.6885083769797, 309.9952789511717, 337.9973440830479, 387.00072269182203, 175.78594544767301, 3.7898149787397593, 56.312689961670294, 71.0033349621953, 214.06232773647483, 226.33797835841685, 260.066365178452, 302.4837457609932, 49.93427301827478, 111.93431224128783, 155.934433089213, 335.9342721364748, 371.9342721364748, 80.61510547647482, 98.62282114359682, 206.61510543647483, 230.62425756547975, 262.3006130040974, 302.3024305640557, 318.4047026651714, 346.610433837392, 378.93187560366454, 394.6064649713661, 406.30329377455513, 414.60452279854394, 165.43871663647485, 225.43962297809486, 120.51927213647483, 137.52126418188368, 5.48501140611632, 642.7962166364748, 50.66732770647483, 72.65655579766448, 99.35309556487717, 90.25529959186751, 106.81454993647482, 108.50309865433604, 113.50032391554336, 224.81462404642235, 250.81458909674302, 277.81454993647486, 359.81454993647486, 383.7848379025492, 221.85510543647484, 249.85465729860357, 295.5422638445978, 9.538239857859743, 12.219815268673635, 53.543826652170935, 280.8473277364748, 286.151107933392, 290.54336355073286, 294.53237556822404, 317.8473280270746, 322.56495519863546, 28.011688785731504, 131.76399433647484, 140.1670464414337, 166.43884858834738, 172.118424250824, 184.35024984452542, 28.047904914297526, 37.94153315370813, 42.75029282904243, 11.816718484916938, 5.231349714421822, 39.31902933077804, 72.77066103647482, 92.38734020246014, 137.39164619356958, 174.38851467644858, 66.9139950203246, 90.918171960423, 93.80552362983825, 113.91399469972458, 117.6041967239169, 156.03066103647484, 354.998077476446, 374.28066583139866, 413.99732773647486, 463.99732773647486, 488.99732773647486, 530.9973647896899, 584.9973277364749, 678.9973282450246, 1.7571772729693405, 34.95580997238132, 2.635188242284586, 12.62664261568159, 5.916542233602316, 66.19732770647482, 89.20003162484072, 20.86414078350865, 3.5499299299618468, 29.097327706474832, 36.78348755966674, 214.0492996285638, 218.8014585574, 224.09808723036426, 237.08384391835375, 354.0973277364748, 44.464003157213476, 124.63066103647482, 158.46399433647483, 214.56399433647485, 222.1480546015508, 261.38066103647486, 10.489188900632664, 54.50677214647483, 90.58070332101528, 99.37700212033597, 109.0533387807587, 111.26670339343549, 116.26513972753925, 119.98362723879377, 132.3960820182949, 4.447327703474832, 8.424008276438313, 54.66595545365981, 67.66906945527438, 79.54607384257565, 195.6695161627621, 208.66602166616482, 251.66600284629752, 272.52412319729183, 401.9159388364748, 54.89538325647483, 212.89538323647483, 259.90089812775955, 6.453685729700147, 26.661499234049455, 118.66149433647483, 326.6614952809249, 24.91218500998981, 148.86454993647484, 1.213994369474832, 7.618950993366196, 47.93343939767458, 115.93343883647482, 120.90970549184556, 10.55666632327451, 185.84732773647485, 203.8550383652994, 137.39732773647484, 96.32371695972458, 100.53066103647483, 118.99743309306766, 164.9353611424049, 213.99732773647483, 231.99384056772732, 277.99732773647486, 305.00170312602603, 323.6820421266742, 44.46811000167186, 57.569517837768096, 69.28742476681155, 215.06839661570876, 228.605128545743, 253.5895688070836, 260.2852248085566, 335.59789860074716, 346.2833838554082, 93.31515259632866, 107.13066430573467, 126.16889039859406, 226.28066234417548, 19.667211408525684, 3.121661533698161, 128.41538323647484, 2.63461535871156, 28.447330321880518, 40.32213308087514, 4.663994369474832, 25.46674913020572, 11.896501418464277, 63.316605682760745, 80.31305743660998, 6.816891599828821, 20.09918326989709, 237.46871663647485, 19.631509928360263, 126.63066103647482, 181.63066103647483, 246.63066103647483, 66.60649436647482, 41.247327706474834, 85.00791435187678, 90.69906283537776, 94.69752704491722, 352.00883603919004, 5.6090874498617564, 45.35476550654924, 1.8570337498423386, 299.42149433647484, 354.1558641539458, 474.1553523305414, 57.93393736431848, 62.2225739368786, 168.08481874478133, 178.41946023148074, 184.42243567423267, 222.58129852151663, 11.697849776294564, 41.50069686699434, 4.5240586274863075, 7.524552917142276, 24.270404688787995, 29.79065585705124, 40.83011402626602, 44.52631548749738, 48.52308522100236, 23.81399523827478, 98.34732770647483, 45.67010547647483, 105.67010543647483, 113.35058106015912, 150.67010543647484, 169.663601390944, 189.67090569564309, 221.67010754332804, 229.35700403266344, 238.50518423545054, 297.6711627604301, 345.6730047980587, 373.67017424200765, 382.3849087608099, 393.5125676539533, 43.747327706474834, 47.431968786050405, 178.74732773647483, 4.35214036481934, 23.096125410563744, 54.329272146474835, 65.07275667344312, 134.32930410374618, 54.34093881647483, 126.32896738277407, 155.25774334705923, 16.221776450410598, 86.71403795055245, 101.29354346901907, 112.4784371570502, 149.03066270742644, 166.53068145163468, 242.53066103647484, 66.9308820274056, 98.12816103647482, 127.12816103647482, 123.61538323647483, 132.464341210534, 159.61580272442197, 171.60332248132323, 183.6159482802941, 199.61538345442463, 219.61529301570903, 10.612810520867242, 19.583892579488214, 38.535714593469, 53.946216596474834, 101.94434234784475, 30.55286285486965, 39.96885833668407, 216.78066103647484, 229.7817392680327, 242.77678201278079, 254.46782017510643, 266.7734127563657, 283.86401635001965, 285.47034168957276, 310.77977535025065, 53.08066103647483, 60.03066103647483, 80.76550207096783, 124.9255307360676, 10.73076181491441, 18.534181743314516, 36.79333138310948, 68.72964229020518, 81.73309123490549, 4.456810038712302, 112.44724467693835, 216.76233761698825, 232.76232780912477, 20.189906718290786, 22.75746489361732, 27.447924180192423, 40.75611481462417, 47.564067924348294, 63.67911619724168, 70.05139239614554, 105.84071015090682, 132.75667508717896, 104.79732773647483, 207.54260543647484, 447.54260543647484, 47.38275053660498, 83.38204992647482, 20.56685881771814, 37.65279106846803, 46.45913829778703, 58.598098556176744, 82.4594729431877, 113.40598566232907, 142.65260543647483, 11.694136081132427, 22.00403003263924, 23.014581190033503, 33.69088969897415, 54.00607738638609, 56.69709952728279, 133.14316103647485, 5.050075262004506, 3.3829433755872467, 24.086514779138454, 36.066937457403675, 76.06675460246885, 182.79732773647484, 15.782289970180388, 14.017637107720402, 19.015327929554562, 45.02234292319413, 52.1176674019133, 62.169245855046235, 15.510482350227113, 19.293042347883215, 135.40843883647483, 143.09395920188837, 160.09209278687746, 178.19166017545592, 227.40844072537718, 240.39504680113077, 255.1761044398929, 57.875056549070905, 98.87966992559832, 199.87672826772607, 335.87566103647487, 14.968127987795933, 17.762380400685892, 22.881209108135554, 26.06752428444779, 112.07260543647483, 134.07347384139138, 1.997327703474832, 50.9973279970746, 82.09992775986224, 35.14306685855623, 82.11927224252354, 118.14399571682564, 6.879918684529178, 13.131687116555794, 13.364003883729657, 40.463994366474836, 64.34928110980725, 126.61471081304857, 305.36399433647483, 317.14157833357314, 15.276210592100826, 73.39093881647483, 119.39093883647483, 157.39168238938527, 169.38525641526311, 205.39093883647485, 17.61768924391394, 35.623439107074596, 38.311325158279786, 41.31267342121038, 43.309852407636875, 46.37101920485378, 50.3115589278248, 86.75677265502458, 91.56059377177772, 101.36401558165646, 139.62377825908848, 1.5306610364748319, 90.01438527335903, 385.19732773647485, 84.99417873571781, 12.919626499614346, 108.27750849368343, 135.31497988220733, 326.3627498101902, 454.63068537495496, 2.491936671290835, 53.06912493199705, 115.0479045669949, 121.75458261886827, 97.94260547647482, 132.93262926115494, 8.04389752075301, 162.04165972271053, 247.54149433647484, 267.0399278845892, 63.31399436647483, 67.48269990402603, 110.49130103467638, 187.31399433647485, 4.1241149083523405, 34.52821859196596, 51.0736149354807, 118.53754691013351, 16.097349356749767, 3.4061795931606684, 27.24732857827478, 118.32288323647482, 58.98066125442464, 86.7529170422875, 14.200121443594043, 66.21482770647482, 1.0851837843181742, 80.03648543063764, 6.437854779684261, 9.803464419993388, 26.303706365268862, 41.607662818587684, 164.69735476317868, 224.69732773647485, 13.666439047707845, 34.164215178530505, 36.65526816007194, 171.53066103647484, 348.53066103647484, 455.53066103647484, 473.30240436504295, 34.785409519525814, 72.78066118177469, 168.4638597701152, 174.4740269251286, 182.4668912494959, 187.78066103647484, 201.2277690394905, 15.170551441085616, 80.04696869048043, 86.72757433514991, 48.396497635734676, 184.85955015442465, 194.54506418787628, 42.213994366474836, 53.64733642456193, 5.871393877000885, 14.763089667359939, 18.647385886985237, 45.939880136318564, 91.8685944757115, 167.95982773647484, 210.7568398993593, 226.9593831543797, 262.95982773647484, 286.9598517843373, 4.358150303677025, 60.29748545640841, 160.29515040936258, 63.264008606117805, 67.26399436647482, 57.43066103647483, 104.43066103647483, 171.43066103647485, 210.61387165005334, 109.68677213647483, 11.757778062998879, 37.73919173161591, 1.2806610364748319, 28.54888562325049, 78.18110788894188, 124.6971841762218, 2.655661036474832, 11.772327706474833, 24.69732974067774, 55.70206464447922, 72.69764735162532, 77.50236949107043, 56.76171133048997, 98.4916980388359, 187.98066103647483, 120.0324674221498, 126.03210631824733, 147.0301410181018, 29.947671283293193, 45.6665565284481, 49.66754305872056, 87.98066103647483, 36.543994947674584, 42.21313063120867, 46.21439591431852, 180.96066103647485, 205.52543681885874, 241.29542801411088, 11.662731552203015, 35.64442472758651, 45.3552176168069, 49.46686630219009, 61.66910100045764, 34.60626123745945, 108.64112642544355, 177.48254859462784, 188.28551034929123, 21.897328287674583, 40.896198039077724, 46.584021139580535, 24.197327706474834, 46.00878719225591, 105.19732773647482, 246.21399433647483, 58.68955087092486, 20.03107675594616, 32.73160598064053, 12.064347596216969, 6.462378113660486, 31.535702446395163, 39.31392520988317, 106.39780351996063, 152.39234952974627, 215.30553395682028, 262.7333656863819, 296.39959290326044, 80.14732770647483, 180.14732817237456, 187.83283753200237, 195.88976471739767, 12.74942245145746, 10.76841362101411, 94.76399472972457, 117.74775042133795, 21.916642472277026, 27.722734048190475, 33.78484209022786, 98.91399443912475, 161.56845960300598, 184.89915835963518, 412.91399433647484, 430.91400814020267, 125.41056248212224, 5.445796760952494, 32.8428186168509, 156.84260543647483, 2.935865601740336, 32.14732865092486, 264.44732773647485, 268.1526762935319, 312.14732773647484, 319.95299140878274, 331.0184762728874, 354.8314875020714, 359.71657391484655, 372.8304697397576, 388.1235195427608, 405.1317204678538, 473.16399433647484, 36.91510946054863, 52.59864842628625, 62.79841198859963, 247.2143477929695, 46.84732770647483, 0.963994369474832, 18.96399502032461, 22.961494522181216, 68.23066103647483, 94.15915326406656, 100.9159061712542, 109.18256262435038, 117.11292658185594, 121.6154678722824, 139.08066103647485, 144.9287216622267, 148.16916650680292, 150.16871362187118, 205.2306776010068, 355.2306610364748, 9.28298820658161, 7.098542317471916, 36.061275813488095, 39.93466039608104, 79.25821247600354, 56.4728218269887, 90.41035122276479, 115.4714951356247, 541.4731157560509, 8.03589026815322, 8.102726485832607, 18.241457657731075, 24.03327640717267, 24.623632171327937, 85.03232770647483, 137.03232875357494, 161.71806421601832, 16.244093604050104, 45.19732770647483, 51.51242956650904, 26.947327706474834, 29.947327706474834, 58.94735371601075, 67.63595517211259, 85.94733359116226, 108.34733463827773, 131.40870464099493, 154.72220207165424, 156.92353238078553, 169.63132416237423, 172.6286114455446, 179.9544164822999, 185.63834027875902, 299.9478800483555, 63.91732770647483, 70.8253639213218, 133.91732773647485, 166.92195850537934, 405.5506610364748, 32.45253001476273, 44.56016357087725, 116.98260543647483, 164.8507042818891, 11.05551616638683, 8.055246572964892, 9.872523453823513, 14.117118162853718, 16.369648611325427, 122.43417751415237, 384.39732773647484, 396.35531674508036, 405.3718688491272, 431.3961330959856, 473.3989743982619, 550.3973277364748, 625.3973277364748, 23.039549999124755, 21.43594335354549, 11.661453802852435, 15.44554258925969, 6.0369002577210376, 104.41392329132462, 12.48185956310938, 1.048992824026879, 11.188117906651172, 12.398011229298502, 36.302648335247504, 13.859969081318601, 2.086361612501306, 22.4033957339775, 27.589464332501137, 87.26362862700375, 116.59736587954352, 9.609826008366742, 24.821615502159514, 60.90140089749881, 64.7533795792434, 73.98151818925912, 79.51600007185013, 102.58702093693502, 6.351006460982399, 8.645246468300535, 14.341683578845164, 36.659727025266605, 60.13196057876352, 93.66400148623138, 149.60225638453556, 222.41399433647484, 17.817418119637377, 34.13185287964342, 34.99340889259894, 41.894329178145234, 191.00038323647485, 233.00394091422694, 249.0006122235032, 272.9977021047554, 288.95081489257484, 294.68639277570446, 301.8988366141464, 319.8680072825638, 52.774272146474836, 70.97204992647482, 69.85901071304788, 375.85899433647484, 432.85899484502454, 444.8392940875972, 462.85899433647484, 465.5491554436054, 468.8344634776471, 5.377980278232259, 26.164187154296048, 159.16399433647484, 174.16414009941468, 206.16399651597837, 266.1648403888586, 276.08420489369155, 314.16399433647484, 387.167769742717, 5.966286816089976, 6.003362777563468, 113.77871663647483, 51.55441971103985, 59.53329411461809, 75.84307638908925, 211.84344130657973, 222.1259995978984, 223.8123774776143, 225.81286958940902, 227.8114510055642, 259.22205044502454, 262.812103093608, 112.39733071513268, 119.084097733009, 137.39591124057443, 169.2649933686555, 182.39003539108998, 358.39732846297466, 368.0815340223621, 26.124136171442416, 7.085526890491726, 71.29758540811264, 92.29733380911536, 119.8108668749826, 25.311645193961574]
MAE: 1.4194373326782546
RMSE: 13.221487434657059
current_formula = φ = (c_Respiratory Rate High - c_White Blood Cells Low > -0.00)0.69 ∨ (c_Respiratory Rate High - c_Arterial Blood Pressure diastolic Low > -0.13)0.67 ∨ (c_Arterial Blood Pressure diastolic Low - c_Glucose High > 0.06)0.65 ∨ (c_Glucose High - c_Middle_to_Sever > -0.27)0.65 ∨ (c_Creatinine Low - c_Respiratory Rate High > 0.28)0.65 ∨ (c_O2 saturation pulseoxymetry Low - c_Middle_to_Sever > -0.17)0.65 ∨ (c_Prothrombin time Low - c_BUN High > 0.01)0.64 ∨ (c_Glucose High - c_HCO3 High > -0.00)0.64 ∨ (c_Arterial Base Excess High - c_Respiratory Rate High > 0.08)0.63 ∨ (c_Temperature Fahrenheit High - c_Arterial Blood Pressure mean High > -0.01)0.63 (weight: 0.429)
nll:tensor([ 37.1175,  -5.5461, -13.7547,  30.2407,  41.9360,  71.7135, 187.3115,
        204.6772, 214.9375, 152.1314, 159.3679, 203.8169, 214.2454, 216.8946,
        222.0765, 235.5050, 247.0328, 258.7970, 279.9585,  90.8655,  83.1671,
          8.6806,  54.7630,  49.4084,  62.9503,  60.0744,  71.4794,  72.2767,
        100.6982, 119.3374, 145.5781, 157.4730,  63.3516, 348.9198,   2.3350,
         23.3984,  62.2732,  44.8487,  53.8332,  22.9019, 119.9272,  24.7994,
         64.7717, 105.7304, 128.1129, 128.5427, 129.2667, 170.7753, 175.2938,
        175.9025, 189.5462, 188.1955, 193.7756, 440.8990, 539.8332, 481.1888,
        551.8954, 614.7246,  41.5672, 219.3186,  22.0662, 126.4132, 143.4593,
          2.1480,  42.7745, 126.5770, 156.4902, 286.3613, 311.0020,  36.6481,
         55.0003,   1.9075,  29.7700, 122.9277, 153.7353, 244.7599, 267.2106,
        312.0567, 319.8043, 372.3925, 368.9148, 414.0363,  18.8689,  60.4126,
         83.3164,  56.9883,   9.1069,  36.0923,  63.0572,  60.1213,  35.3159,
         99.7950, 228.6615, 241.3184, 260.7339,  95.2614, 116.6902,  71.2437,
         68.8715,  76.9000,   4.9089, 266.5754, 338.9052, 351.7136,  97.5447,
         90.6764,  39.7057,  37.9036,  56.3364,  77.7730, 167.3998, 196.2234,
        224.0105, 335.5835, 463.2165, 512.7166, 524.1352, 604.4272, 314.4590,
        339.1251,  42.8010,  56.5631,   6.9989, 620.0378,  41.4302,  10.3115,
         61.5689,   7.2244,  10.1822, 139.9057, 200.1268, 226.3199, 257.7851,
        269.1974, 289.5656, 362.9890, 409.3541, 487.9859, 561.1376, 100.4580,
        153.2613, 148.4761, 163.0715, 180.5789, 218.5716, 227.3639, 249.6519,
        265.7542, 295.5091, 319.5349, 347.1869,  10.9920,  14.5924, 280.3114,
        331.5190, 382.0295, 387.1525, 402.5675, 436.0178, 504.3370, 234.3987,
          8.5226,  82.9652, 101.1112, 291.5059, 303.0757, 340.4721, 399.0276,
         72.0184, 152.7459, 211.1041, 450.4393, 484.0526, 118.3408, 130.0231,
        269.8439, 300.0237, 343.9402, 395.8336, 418.4903, 454.9309, 496.3313,
        511.6631, 528.1470, 534.8279, 220.9747, 294.2398, 167.7431, 179.3722,
         12.6651, 835.2417,  78.0165, 104.4949, 142.7075, 132.3169, 144.6049,
        139.2466, 148.1847, 296.3433, 327.2407, 358.5247, 479.0850, 497.1277,
        299.2343, 329.4164, 387.8841,  15.4750,  16.2898,  77.5422, 377.9791,
        369.0880, 377.1870, 381.3626, 416.1815, 416.9970,  41.3488, 183.3544,
        185.8307, 223.2670, 224.9132, 242.3353,  45.1541,  54.1665,  58.7711,
         21.0250,   9.9607,  58.1616, 103.3580, 126.8619, 180.3663, 233.1521,
         95.1773, 122.7762, 123.1069, 150.7479, 154.6856, 213.2202, 477.3117,
        482.6220, 534.5552, 606.6575, 635.8802, 696.5675, 752.2064, 875.0118,
          4.1231,  56.5876,   9.1061,  18.2096,   7.8638,  97.5544, 124.1337,
         35.3737,   6.9363,  48.8335,  54.1622, 291.7841, 286.0505, 287.4087,
        312.0222, 469.0961,  62.0629, 171.6259, 211.5087, 286.3022, 292.0891,
        339.2321,  19.0953,  78.2740, 130.4209, 133.8706, 146.7819, 144.8471,
        153.8089, 155.1337, 175.3049,   5.1319,  15.3797,  80.4352,  90.2153,
        106.9460, 260.5868, 271.0363, 331.1069, 358.6574, 532.2588,  78.0686,
        286.0194, 345.5281,  12.2336,  36.7424, 162.5726, 424.9622,  38.1100,
        202.4695,   3.0167,  15.2473,  73.8967, 154.3387, 154.5912,  17.8692,
        250.8417, 266.2164, 188.8837, 129.5942, 138.6026, 155.8142, 222.9474,
        280.9663, 303.3093, 367.1535, 410.8498, 437.4388,  69.4655,  81.4983,
         97.3673, 284.4863, 298.3439, 334.8366, 338.5858, 439.7840, 449.4725,
        129.0145, 142.5612, 172.8617, 306.5806,  36.0389,   4.8670, 172.4959,
          4.5687,  45.1367,  58.6121,   8.2481,  36.6616,  20.9353,  92.0803,
        111.2473,  18.3042,  26.6633, 323.6078,  33.8995, 172.9794, 242.5027,
        324.4282,  91.4321,  65.6192, 123.1525, 118.1085, 122.4214, 472.2912,
          9.3602,  69.1831,   3.7185, 404.7459, 458.5130, 616.0070,  84.8611,
         83.3265, 233.2614, 235.5576, 239.5965, 291.1709,  22.9318,  59.5426,
          7.9451,  11.5024,  36.8541,  40.5589,  55.5607,  57.3545,  64.3139,
         35.5889, 135.7096,  68.6995, 145.3034, 147.9983, 205.4326, 227.8089,
        248.9352, 291.3704, 300.3584, 311.4047, 389.5890, 449.1957, 486.8772,
        495.8230, 511.4996,  64.1360,  63.1611, 236.0909,  10.7858,  42.3396,
         80.6936,  89.5730, 181.8760,  82.7171, 170.2169, 205.2495,  28.9310,
        127.4547, 140.0326, 149.2281, 200.5864, 219.7216, 322.8104, 101.4223,
        130.7349, 165.4113, 176.6085, 177.7600, 208.5724, 225.2676, 237.8484,
        261.1102, 287.8746,  16.3291,  29.7491,  56.2368,  81.7116, 144.6837,
         53.0806,  56.9971, 292.6403, 301.6584, 317.3526, 332.9428, 346.8022,
        371.7653, 367.6279, 407.6666,  84.1566,  75.9478, 112.6766, 173.3441,
         17.9324,  23.4061,  54.2972, 100.0330, 108.2008,  13.3896, 160.4759,
        285.2296, 302.5091,  36.2289,  33.7441,  39.3253,  56.6155,  68.6314,
         89.1675,  94.8710, 148.1957, 178.7311, 144.2518, 278.8069, 586.2465,
         70.0141, 113.0388,  31.0181,  57.7338,  62.1941,  82.0843, 116.4703,
        158.3771, 188.3927,  21.3252,  31.2194,  31.0996,  52.9250,  77.2296,
         72.8873, 178.5167,  15.9668,   5.8630,  45.6484,  54.2157, 109.1327,
        246.5849,  26.5969,  18.3070,  23.8509,  62.0391,  73.2936,  84.7143,
         28.3503,  34.1693, 184.1240, 183.5376, 211.4025, 240.4003, 303.4647,
        316.5668, 345.9813,  84.0103, 137.7857, 274.5251, 441.7863,  26.7273,
         23.8340,  32.7035,  32.8445, 151.9563, 179.5001,   2.8266,  78.8310,
        116.1410,  56.0304, 116.0461, 160.0036,  15.4250,  19.4129,  21.0045,
         59.4191,  85.2075, 168.8523, 402.4337, 415.6095,  25.1832, 103.8218,
        159.4054, 207.6889, 224.7713, 269.8815,  28.7290,  51.8687,  49.3177,
         53.1525,  55.7290,  60.3450,  65.5809, 123.0835, 118.6040, 134.3060,
        184.8366,   2.2233, 127.6835, 509.0780, 118.3838,  21.4756, 155.6774,
        179.4642, 427.2853, 590.2944,   8.7526,  81.4515, 158.1422, 162.4491,
        138.4567, 179.5817,  10.2234, 223.4504, 326.2225, 350.6938,  89.7853,
         89.3337, 156.4075, 252.7954,   8.6033,  51.3928,  84.1095, 163.1773,
         25.0005,   3.7169,  37.8765, 168.7586,  86.5391, 123.9992,  22.5286,
         91.9640,   2.2277, 113.6256,  12.4700,  24.4338,  36.0714,  61.1035,
        230.7011, 298.4171,  27.1595,  53.0279,  64.4733, 234.0104, 459.2139,
        596.3172, 612.9644,  56.5282, 101.8377, 233.1283, 227.5763, 241.0623,
        243.7802, 264.8144,  26.5529, 120.6903, 117.7917,  65.6774, 256.3352,
        255.3691,  65.5894,  90.9030,  10.0571,  22.3979,  25.8650,  70.8076,
        131.5314, 223.5965, 280.7322, 293.4803, 341.3244, 374.6800,   8.1633,
         86.7601, 216.2532,  91.6310,  89.4528,  86.2236, 142.6950, 229.3664,
        278.2526, 153.6213,  20.4343,  58.5174,   2.7373,  50.9870, 109.5123,
        179.9089,   8.9075,  21.9563,  37.9114,  76.7925,  96.9875, 101.7914,
         85.8592, 140.7592, 255.5966, 166.3449, 165.6276, 193.1960,  44.1864,
         69.5920,  67.7176, 125.2308,  57.9104,  57.2427,  63.6845, 245.9015,
        270.9193, 321.3188,  22.8611,  51.3664,  63.2987,  65.7942,  82.7763,
         59.2653, 159.8383, 239.5459, 249.9812,  38.5762,  63.8587,  62.9054,
         40.0481,  68.8599, 149.3848, 323.9724,  88.1999,  35.8544,  50.1593,
         23.9039,  13.0233,  54.1813,  65.0384, 141.0820, 205.9692, 286.1221,
        347.2858, 386.6028, 114.2896, 245.3932, 247.6816, 254.9921,  22.0077,
         18.3866, 132.6390, 161.7223,  36.3603,  39.4798,  50.1468, 135.9613,
        223.9995, 245.2284, 552.1677, 562.9009, 174.2705,   9.9507,  51.5718,
        216.0273,   5.1226,  48.9598, 351.1523, 342.9796, 408.5171, 413.2333,
        429.7969, 461.6541, 462.0923, 485.0292, 502.4596, 528.0267, 617.3876,
         57.5032,  77.9742,  85.1140, 330.7654,  66.1183,   1.5657,  27.4696,
         28.5976, 107.4768, 134.8479, 134.3150, 145.9491, 155.1242, 158.8437,
        182.3964, 188.5636, 192.1898, 192.8483, 277.1854, 475.7990,  15.4867,
         11.9644,  57.0238,  53.4967, 117.6367,  80.5592, 124.1331, 153.1321,
        696.1410,  15.9256,  16.1227,  29.9039,  33.8443,  37.8784, 121.5532,
        182.4291, 217.8821,  28.8376,  66.4327,  71.4059,  41.9139,  49.9891,
         79.3540,  94.8780, 116.8322, 142.7649, 177.4453, 211.3878, 201.3921,
        222.3346, 226.4961, 229.7721, 239.2193, 400.4096,  96.0733,  93.3432,
        182.2986, 223.8505, 534.7752,  52.8271,  65.2029, 154.4025, 220.9354,
         21.6449,  12.8487,  12.2267,  20.5813,  20.6466, 168.0300, 513.0541,
        513.8177, 523.1555, 567.8619, 616.2356, 732.0417, 816.3016,  38.0277,
         40.7915,  22.6750,  20.7112,  11.1627, 148.3515,  21.4471,   1.2735,
         17.6159,  17.8472,  54.6903,  21.9167,  21.0469,  32.2382,  40.5220,
        124.4629, 161.6824,  15.7583,  35.7296,  94.3387,  84.9850, 100.0680,
        105.6689, 140.8180,  14.6808,  12.2594,  21.9400,  56.6184,  82.3728,
        128.7555, 201.5517, 292.7401,  27.3895,  50.0450,  56.9123,  58.6620,
        257.0482, 302.5056, 324.7935, 356.9500, 377.9480, 378.8523, 390.8246,
        419.4807,  80.7252, 101.8751,  95.0417, 496.1615, 561.7679, 573.5300,
        596.5576, 597.4539, 601.7830,   7.1758,  44.6456, 212.7921, 231.6419,
        276.4706, 352.5884, 357.4377, 410.5522, 507.6868,  13.2501,   9.1919,
        157.5715,  76.4346,  81.9603, 105.6087, 286.5473, 296.9282, 286.9544,
        289.5074, 294.4922, 337.2569, 338.0240, 158.5415, 158.3302, 185.3898,
        228.8825, 243.7223, 472.1496, 478.6315,  37.4452,  15.0108,  98.7880,
        122.3285, 161.1451,  40.5624])
        